305 950 4646 1242
0 60 1
0 1 1
1 61 1
1 0 1
1 2 1
2 62 1
2 1 1
2 3 1
3 63 1
3 2 1
3 4 1
4 64 1
4 3 1
4 5 1
5 65 1
5 4 1
5 6 1
6 66 1
6 5 1
6 7 1
7 67 1
7 6 1
7 8 1
8 68 1
8 7 1
8 9 1
9 69 1
9 8 1
9 10 1
10 70 1
10 9 1
10 11 1
11 71 1
11 10 1
11 12 1
12 72 1
12 11 1
12 13 1
13 73 1
13 12 1
13 14 1
14 74 1
14 13 1
14 15 1
15 75 1
15 14 1
15 16 1
16 76 1
16 15 1
16 17 1
17 77 1
17 16 1
17 18 1
18 78 1
18 17 1
18 19 1
19 79 1
19 18 1
19 20 1
20 80 1
20 19 1
20 21 1
21 81 1
21 20 1
21 22 1
22 82 1
22 21 1
22 23 1
23 83 1
23 22 1
23 24 1
24 84 1
24 23 1
24 25 1
25 85 1
25 24 1
25 26 1
26 25 1
26 27 1
27 26 1
29 89 1
29 30 1
30 90 1
30 29 1
30 31 1
31 91 1
31 30 1
31 32 1
32 92 1
32 31 1
32 33 1
33 93 1
33 32 1
33 34 1
34 94 1
34 33 1
34 35 1
35 95 1
35 34 1
35 36 1
36 96 1
36 35 1
36 37 1
37 97 1
37 36 1
37 38 1
38 98 1
38 37 1
38 39 1
39 99 1
39 38 1
39 40 1
40 100 1
40 39 1
40 41 1
41 101 1
41 40 1
41 42 1
42 102 1
42 41 1
42 43 1
43 103 1
43 42 1
43 44 1
44 104 1
44 43 1
44 45 1
45 105 1
45 44 1
45 46 1
46 106 1
46 45 1
46 47 1
47 107 1
47 46 1
47 48 1
48 108 1
48 47 1
48 49 1
49 109 1
49 48 1
49 50 1
50 110 1
50 49 1
50 51 1
51 111 1
51 50 1
51 52 1
52 112 1
52 51 1
52 53 1
53 113 1
53 52 1
53 54 1
54 114 1
54 53 1
54 55 1
55 115 1
55 54 1
55 56 1
56 116 1
56 55 1
56 57 1
57 117 1
57 56 1
57 58 1
58 118 1
58 57 1
58 59 1
59 119 1
59 58 1
60 0 1
60 120 1
60 61 1
61 1 1
61 121 1
61 60 1
61 62 1
62 2 1
62 122 1
62 61 1
62 63 1
63 3 1
63 123 1
63 62 1
63 64 1
64 4 1
64 124 1
64 63 1
64 65 1
65 5 1
65 125 1
65 64 1
65 66 1
66 6 1
66 126 1
66 65 1
66 67 1
67 7 1
67 127 1
67 66 1
67 68 1
68 8 1
68 128 1
68 67 1
68 69 1
69 9 1
69 129 1
69 68 1
69 70 1
70 10 1
70 130 1
70 69 1
70 71 1
71 11 1
71 131 1
71 70 1
71 72 1
72 12 1
72 132 1
72 71 1
72 73 1
73 13 1
73 133 1
73 72 1
73 74 1
74 14 1
74 134 1
74 73 1
74 75 1
75 15 1
75 135 1
75 74 1
75 76 1
76 16 1
76 136 1
76 75 1
76 77 1
77 17 1
77 137 1
77 76 1
77 78 1
78 18 1
78 138 1
78 77 1
78 79 1
79 19 1
79 139 1
79 78 1
79 80 1
80 20 1
80 140 1
80 79 1
80 81 1
81 21 1
81 141 1
81 80 1
81 82 1
82 22 1
82 142 1
82 81 1
82 83 1
83 23 1
83 143 1
83 82 1
83 84 1
84 24 1
84 144 1
84 83 1
84 85 1
85 25 1
85 84 1
89 29 1
89 149 1
89 90 1
90 30 1
90 150 1
90 89 1
90 91 1
91 31 1
91 151 1
91 90 1
91 92 1
92 32 1
92 152 1
92 91 1
92 93 1
93 33 1
93 153 1
93 92 1
93 94 1
94 34 1
94 154 1
94 93 1
94 95 1
95 35 1
95 155 1
95 94 1
95 96 1
96 36 1
96 156 1
96 95 1
96 97 1
97 37 1
97 157 1
97 96 1
97 98 1
98 38 1
98 158 1
98 97 1
98 99 1
99 39 1
99 159 1
99 98 1
99 100 1
100 40 1
100 160 1
100 99 1
100 101 1
101 41 1
101 161 1
101 100 1
101 102 1
102 42 1
102 162 1
102 101 1
102 103 1
103 43 1
103 163 1
103 102 1
103 104 1
104 44 1
104 164 1
104 103 1
104 105 1
105 45 1
105 165 1
105 104 1
105 106 1
106 46 1
106 166 1
106 105 1
106 107 1
107 47 1
107 167 1
107 106 1
107 108 1
108 48 1
108 168 1
108 107 1
108 109 1
109 49 1
109 169 1
109 108 1
109 110 1
110 50 1
110 170 1
110 109 1
110 111 1
111 51 1
111 171 1
111 110 1
111 112 1
112 52 1
112 172 1
112 111 1
112 113 1
113 53 1
113 173 1
113 112 1
113 114 1
114 54 1
114 174 1
114 113 1
114 115 1
115 55 1
115 175 1
115 114 1
115 116 1
116 56 1
116 176 1
116 115 1
116 117 1
117 57 1
117 177 1
117 116 1
117 118 1
118 58 1
118 178 1
118 117 1
118 119 1
119 59 1
119 179 1
119 118 1
120 60 1
120 180 1
120 121 1
121 61 1
121 181 1
121 120 1
121 122 1
122 62 1
122 182 1
122 121 1
122 123 1
123 63 1
123 183 1
123 122 1
123 124 1
124 64 1
124 184 1
124 123 1
124 125 1
125 65 1
125 185 1
125 124 1
125 126 1
126 66 1
126 186 1
126 125 1
126 127 1
127 67 1
127 187 1
127 126 1
127 128 1
128 68 1
128 188 1
128 127 1
128 129 1
129 69 1
129 189 1
129 128 1
129 130 1
130 70 1
130 190 1
130 129 1
130 131 1
131 71 1
131 191 1
131 130 1
131 132 1
132 72 1
132 192 1
132 131 1
132 133 1
133 73 1
133 193 1
133 132 1
133 134 1
134 74 1
134 194 1
134 133 1
134 135 1
135 75 1
135 195 1
135 134 1
135 136 1
136 76 1
136 196 1
136 135 1
136 137 1
137 77 1
137 197 1
137 136 1
137 138 1
138 78 1
138 198 1
138 137 1
138 139 1
139 79 1
139 199 1
139 138 1
139 140 1
140 80 1
140 200 1
140 139 1
140 141 1
141 81 1
141 201 1
141 140 1
141 142 1
142 82 1
142 202 1
142 141 1
142 143 1
143 83 1
143 203 1
143 142 1
143 144 1
144 84 1
144 143 1
147 207 1
147 148 1
148 208 1
148 147 1
148 149 1
149 89 1
149 209 1
149 148 1
149 150 1
150 90 1
150 210 1
150 149 1
150 151 1
151 91 1
151 211 1
151 150 1
151 152 1
152 92 1
152 212 1
152 151 1
152 153 1
153 93 1
153 213 1
153 152 1
153 154 1
154 94 1
154 214 1
154 153 1
154 155 1
155 95 1
155 215 1
155 154 1
155 156 1
156 96 1
156 216 1
156 155 1
156 157 1
157 97 1
157 217 1
157 156 1
157 158 1
158 98 1
158 218 1
158 157 1
158 159 1
159 99 1
159 219 1
159 158 1
159 160 1
160 100 1
160 220 1
160 159 1
160 161 1
161 101 1
161 221 1
161 160 1
161 162 1
162 102 1
162 222 1
162 161 1
162 163 1
163 103 1
163 223 1
163 162 1
163 164 1
164 104 1
164 224 1
164 163 1
164 165 1
165 105 1
165 225 1
165 164 1
165 166 1
166 106 1
166 226 1
166 165 1
166 167 1
167 107 1
167 227 1
167 166 1
167 168 1
168 108 1
168 228 1
168 167 1
168 169 1
169 109 1
169 229 1
169 168 1
169 170 1
170 110 1
170 230 1
170 169 1
170 171 1
171 111 1
171 231 1
171 170 1
171 172 1
172 112 1
172 232 1
172 171 1
172 173 1
173 113 1
173 233 1
173 172 1
173 174 1
174 114 1
174 234 1
174 173 1
174 175 1
175 115 1
175 235 1
175 174 1
175 176 1
176 116 1
176 236 1
176 175 1
176 177 1
177 117 1
177 237 1
177 176 1
177 178 1
178 118 1
178 238 1
178 177 1
178 179 1
179 119 1
179 239 1
179 178 1
180 120 1
180 240 1
180 181 1
181 121 1
181 241 1
181 180 1
181 182 1
182 122 1
182 242 1
182 181 1
182 183 1
183 123 1
183 243 1
183 182 1
183 184 1
184 124 1
184 244 1
184 183 1
184 185 1
185 125 1
185 245 1
185 184 1
185 186 1
186 126 1
186 246 1
186 185 1
186 187 1
187 127 1
187 247 1
187 186 1
187 188 1
188 128 1
188 248 1
188 187 1
188 189 1
189 129 1
189 249 1
189 188 1
189 190 1
190 130 1
190 250 1
190 189 1
190 191 1
191 131 1
191 251 1
191 190 1
191 192 1
192 132 1
192 252 1
192 191 1
192 193 1
193 133 1
193 253 1
193 192 1
193 194 1
194 134 1
194 254 1
194 193 1
194 195 1
195 135 1
195 255 1
195 194 1
195 196 1
196 136 1
196 256 1
196 195 1
196 197 1
197 137 1
197 257 1
197 196 1
197 198 1
198 138 1
198 258 1
198 197 1
198 199 1
199 139 1
199 259 1
199 198 1
199 200 1
200 140 1
200 260 1
200 199 1
200 201 1
201 141 1
201 261 1
201 200 1
201 202 1
202 142 1
202 262 1
202 201 1
202 203 1
203 143 1
203 202 1
206 266 1
206 207 1
207 147 1
207 267 1
207 206 1
207 208 1
208 148 1
208 268 1
208 207 1
208 209 1
209 149 1
209 269 1
209 208 1
209 210 1
210 150 1
210 270 1
210 209 1
210 211 1
211 151 1
211 271 1
211 210 1
211 212 1
212 152 1
212 272 1
212 211 1
212 213 1
213 153 1
213 273 1
213 212 1
213 214 1
214 154 1
214 213 1
214 215 1
215 155 1
215 214 1
215 216 1
216 156 1
216 276 1
216 215 1
216 217 1
217 157 1
217 277 1
217 216 1
217 218 1
218 158 1
218 278 1
218 217 1
218 219 1
219 159 1
219 279 1
219 218 1
219 220 1
220 160 1
220 280 1
220 219 1
220 221 1
221 161 1
221 281 1
221 220 1
221 222 1
222 162 1
222 282 1
222 221 1
222 223 1
223 163 1
223 283 1
223 222 1
223 224 1
224 164 1
224 284 1
224 223 1
224 225 1
225 165 1
225 285 1
225 224 1
225 226 1
226 166 1
226 286 1
226 225 1
226 227 1
227 167 1
227 287 1
227 226 1
227 228 1
228 168 1
228 288 1
228 227 1
228 229 1
229 169 1
229 289 1
229 228 1
229 230 1
230 170 1
230 290 1
230 229 1
230 231 1
231 171 1
231 291 1
231 230 1
231 232 1
232 172 1
232 292 1
232 231 1
232 233 1
233 173 1
233 293 1
233 232 1
233 234 1
234 174 1
234 294 1
234 233 1
234 235 1
235 175 1
235 295 1
235 234 1
235 236 1
236 176 1
236 296 1
236 235 1
236 237 1
237 177 1
237 297 1
237 236 1
237 238 1
238 178 1
238 298 1
238 237 1
238 239 1
239 179 1
239 299 1
239 238 1
240 180 1
240 300 1
240 241 1
241 181 1
241 301 1
241 240 1
241 242 1
242 182 1
242 302 1
242 241 1
242 243 1
243 183 1
243 303 1
243 242 1
243 244 1
244 184 1
244 304 1
244 243 1
244 245 1
245 185 1
245 305 1
245 244 1
245 246 1
246 186 1
246 306 1
246 245 1
246 247 1
247 187 1
247 307 1
247 246 1
247 248 1
248 188 1
248 308 1
248 247 1
248 249 1
249 189 1
249 309 1
249 248 1
249 250 1
250 190 1
250 310 1
250 249 1
250 251 1
251 191 1
251 311 1
251 250 1
251 252 1
252 192 1
252 312 1
252 251 1
252 253 1
253 193 1
253 313 1
253 252 1
253 254 1
254 194 1
254 314 1
254 253 1
254 255 1
255 195 1
255 315 1
255 254 1
255 256 1
256 196 1
256 316 1
256 255 1
256 257 1
257 197 1
257 317 1
257 256 1
257 258 1
258 198 1
258 318 1
258 257 1
258 259 1
259 199 1
259 319 1
259 258 1
259 260 1
260 200 1
260 320 1
260 259 1
260 261 1
261 201 1
261 321 1
261 260 1
261 262 1
262 202 1
262 261 1
265 325 1
265 266 1
266 206 1
266 326 1
266 265 1
266 267 1
267 207 1
267 327 1
267 266 1
267 268 1
268 208 1
268 267 1
268 269 1
269 209 1
269 268 1
269 270 1
270 210 1
270 269 1
270 271 1
271 211 1
271 270 1
271 272 1
272 212 1
272 332 1
272 271 1
272 273 1
273 213 1
273 333 1
273 272 1
276 216 1
276 336 1
276 277 1
277 217 1
277 337 1
277 276 1
277 278 1
278 218 1
278 338 1
278 277 1
278 279 1
279 219 1
279 339 1
279 278 1
279 280 1
280 220 1
280 340 1
280 279 1
280 281 1
281 221 1
281 341 1
281 280 1
281 282 1
282 222 1
282 342 1
282 281 1
282 283 1
283 223 1
283 343 1
283 282 1
283 284 1
284 224 1
284 344 1
284 283 1
284 285 1
285 225 1
285 345 1
285 284 1
285 286 1
286 226 1
286 346 1
286 285 1
286 287 1
287 227 1
287 347 1
287 286 1
287 288 1
288 228 1
288 348 1
288 287 1
288 289 1
289 229 1
289 349 1
289 288 1
289 290 1
290 230 1
290 350 1
290 289 1
290 291 1
291 231 1
291 351 1
291 290 1
291 292 1
292 232 1
292 352 1
292 291 1
292 293 1
293 233 1
293 353 1
293 292 1
293 294 1
294 234 1
294 354 1
294 293 1
294 295 1
295 235 1
295 355 1
295 294 1
295 296 1
296 236 1
296 356 1
296 295 1
296 297 1
297 237 1
297 357 1
297 296 1
297 298 1
298 238 1
298 358 1
298 297 1
298 299 1
299 239 1
299 359 1
299 298 1
300 240 1
300 360 1
300 301 1
301 241 1
301 361 1
301 300 1
301 302 1
302 242 1
302 362 1
302 301 1
302 303 1
303 243 1
303 363 1
303 302 1
303 304 1
304 244 1
304 364 1
304 303 1
304 305 1
305 245 1
305 365 1
305 304 1
305 306 1
306 246 1
306 366 1
306 305 1
306 307 1
307 247 1
307 367 1
307 306 1
307 308 1
308 248 1
308 368 1
308 307 1
308 309 1
309 249 1
309 369 1
309 308 1
309 310 1
310 250 1
310 370 1
310 309 1
310 311 1
311 251 1
311 371 1
311 310 1
311 312 1
312 252 1
312 372 1
312 311 1
312 313 1
313 253 1
313 373 1
313 312 1
313 314 1
314 254 1
314 374 1
314 313 1
314 315 1
315 255 1
315 375 1
315 314 1
315 316 1
316 256 1
316 376 1
316 315 1
316 317 1
317 257 1
317 377 1
317 316 1
317 318 1
318 258 1
318 378 1
318 317 1
318 319 1
319 259 1
319 379 1
319 318 1
319 320 1
320 260 1
320 380 1
320 319 1
320 321 1
321 261 1
321 320 1
324 325 1
325 265 1
325 324 1
325 326 1
326 266 1
326 325 1
326 327 1
327 267 1
327 326 1
332 272 1
332 392 1
332 333 1
333 273 1
333 393 1
333 332 1
333 334 1
334 394 1
334 333 1
334 335 1
335 395 1
335 334 1
335 336 1
336 276 1
336 396 1
336 335 1
336 337 1
337 277 1
337 397 1
337 336 1
337 338 1
338 278 1
338 398 1
338 337 1
338 339 1
339 279 1
339 399 1
339 338 1
339 340 1
340 280 1
340 400 1
340 339 1
340 341 1
341 281 1
341 401 1
341 340 1
341 342 1
342 282 1
342 402 1
342 341 1
342 343 1
343 283 1
343 403 1
343 342 1
343 344 1
344 284 1
344 404 1
344 343 1
344 345 1
345 285 1
345 405 1
345 344 1
345 346 1
346 286 1
346 406 1
346 345 1
346 347 1
347 287 1
347 407 1
347 346 1
347 348 1
348 288 1
348 408 1
348 347 1
348 349 1
349 289 1
349 409 1
349 348 1
349 350 1
350 290 1
350 410 1
350 349 1
350 351 1
351 291 1
351 411 1
351 350 1
351 352 1
352 292 1
352 412 1
352 351 1
352 353 1
353 293 1
353 413 1
353 352 1
353 354 1
354 294 1
354 414 1
354 353 1
354 355 1
355 295 1
355 415 1
355 354 1
355 356 1
356 296 1
356 416 1
356 355 1
356 357 1
357 297 1
357 417 1
357 356 1
357 358 1
358 298 1
358 418 1
358 357 1
358 359 1
359 299 1
359 419 1
359 358 1
360 300 1
360 420 1
360 361 1
361 301 1
361 421 1
361 360 1
361 362 1
362 302 1
362 422 1
362 361 1
362 363 1
363 303 1
363 423 1
363 362 1
363 364 1
364 304 1
364 424 1
364 363 1
364 365 1
365 305 1
365 425 1
365 364 1
365 366 1
366 306 1
366 426 1
366 365 1
366 367 1
367 307 1
367 427 1
367 366 1
367 368 1
368 308 1
368 428 1
368 367 1
368 369 1
369 309 1
369 429 1
369 368 1
369 370 1
370 310 1
370 430 1
370 369 1
370 371 1
371 311 1
371 431 1
371 370 1
371 372 1
372 312 1
372 432 1
372 371 1
372 373 1
373 313 1
373 433 1
373 372 1
373 374 1
374 314 1
374 434 1
374 373 1
374 375 1
375 315 1
375 435 1
375 374 1
375 376 1
376 316 1
376 436 1
376 375 1
376 377 1
377 317 1
377 437 1
377 376 1
377 378 1
378 318 1
378 438 1
378 377 1
378 379 1
379 319 1
379 378 1
379 380 1
380 320 1
380 440 1
380 379 1
388 448 1
388 389 1
389 449 1
389 388 1
389 390 1
390 450 1
390 389 1
390 391 1
391 451 1
391 390 1
391 392 1
392 332 1
392 452 1
392 391 1
392 393 1
393 333 1
393 453 1
393 392 1
393 394 1
394 334 1
394 454 1
394 393 1
394 395 1
395 335 1
395 455 1
395 394 1
395 396 1
396 336 1
396 456 1
396 395 1
396 397 1
397 337 1
397 457 1
397 396 1
397 398 1
398 338 1
398 458 1
398 397 1
398 399 1
399 339 1
399 459 1
399 398 1
399 400 1
400 340 1
400 460 1
400 399 1
400 401 1
401 341 1
401 461 1
401 400 1
401 402 1
402 342 1
402 462 1
402 401 1
402 403 1
403 343 1
403 463 1
403 402 1
403 404 1
404 344 1
404 464 1
404 403 1
404 405 1
405 345 1
405 465 1
405 404 1
405 406 1
406 346 1
406 466 1
406 405 1
406 407 1
407 347 1
407 467 1
407 406 1
407 408 1
408 348 1
408 468 1
408 407 1
408 409 1
409 349 1
409 469 1
409 408 1
409 410 1
410 350 1
410 470 1
410 409 1
410 411 1
411 351 1
411 471 1
411 410 1
411 412 1
412 352 1
412 472 1
412 411 1
412 413 1
413 353 1
413 473 1
413 412 1
413 414 1
414 354 1
414 474 1
414 413 1
414 415 1
415 355 1
415 475 1
415 414 1
415 416 1
416 356 1
416 476 1
416 415 1
416 417 1
417 357 1
417 477 1
417 416 1
417 418 1
418 358 1
418 478 1
418 417 1
418 419 1
419 359 1
419 479 1
419 418 1
420 360 1
420 480 1
420 421 1
421 361 1
421 481 1
421 420 1
421 422 1
422 362 1
422 482 1
422 421 1
422 423 1
423 363 1
423 483 1
423 422 1
423 424 1
424 364 1
424 484 1
424 423 1
424 425 1
425 365 1
425 485 1
425 424 1
425 426 1
426 366 1
426 486 1
426 425 1
426 427 1
427 367 1
427 487 1
427 426 1
427 428 1
428 368 1
428 488 1
428 427 1
428 429 1
429 369 1
429 489 1
429 428 1
429 430 1
430 370 1
430 490 1
430 429 1
430 431 1
431 371 1
431 491 1
431 430 1
431 432 1
432 372 1
432 492 1
432 431 1
432 433 1
433 373 1
433 493 1
433 432 1
433 434 1
434 374 1
434 494 1
434 433 1
434 435 1
435 375 1
435 495 1
435 434 1
435 436 1
436 376 1
436 496 1
436 435 1
436 437 1
437 377 1
437 497 1
437 436 1
437 438 1
438 378 1
438 498 1
438 437 1
440 380 1
445 505 1
445 446 1
446 506 1
446 445 1
446 447 1
447 507 1
447 446 1
447 448 1
448 388 1
448 508 1
448 447 1
448 449 1
449 389 1
449 509 1
449 448 1
449 450 1
450 390 1
450 510 1
450 449 1
450 451 1
451 391 1
451 511 1
451 450 1
451 452 1
452 392 1
452 512 1
452 451 1
452 453 1
453 393 1
453 513 1
453 452 1
453 454 1
454 394 1
454 514 1
454 453 1
454 455 1
455 395 1
455 515 1
455 454 1
455 456 1
456 396 1
456 516 1
456 455 1
456 457 1
457 397 1
457 517 1
457 456 1
457 458 1
458 398 1
458 518 1
458 457 1
458 459 1
459 399 1
459 519 1
459 458 1
459 460 1
460 400 1
460 520 1
460 459 1
460 461 1
461 401 1
461 521 1
461 460 1
461 462 1
462 402 1
462 522 1
462 461 1
462 463 1
463 403 1
463 523 1
463 462 1
463 464 1
464 404 1
464 524 1
464 463 1
464 465 1
465 405 1
465 525 1
465 464 1
465 466 1
466 406 1
466 526 1
466 465 1
466 467 1
467 407 1
467 527 1
467 466 1
467 468 1
468 408 1
468 528 1
468 467 1
468 469 1
469 409 1
469 529 1
469 468 1
469 470 1
470 410 1
470 530 1
470 469 1
470 471 1
471 411 1
471 531 1
471 470 1
471 472 1
472 412 1
472 532 1
472 471 1
472 473 1
473 413 1
473 533 1
473 472 1
473 474 1
474 414 1
474 534 1
474 473 1
474 475 1
475 415 1
475 535 1
475 474 1
475 476 1
476 416 1
476 536 1
476 475 1
476 477 1
477 417 1
477 537 1
477 476 1
477 478 1
478 418 1
478 538 1
478 477 1
478 479 1
479 419 1
479 539 1
479 478 1
480 420 1
480 540 1
480 481 1
481 421 1
481 541 1
481 480 1
481 482 1
482 422 1
482 542 1
482 481 1
482 483 1
483 423 1
483 543 1
483 482 1
483 484 1
484 424 1
484 544 1
484 483 1
484 485 1
485 425 1
485 545 1
485 484 1
485 486 1
486 426 1
486 546 1
486 485 1
486 487 1
487 427 1
487 547 1
487 486 1
487 488 1
488 428 1
488 548 1
488 487 1
488 489 1
489 429 1
489 549 1
489 488 1
489 490 1
490 430 1
490 550 1
490 489 1
490 491 1
491 431 1
491 551 1
491 490 1
491 492 1
492 432 1
492 552 1
492 491 1
492 493 1
493 433 1
493 553 1
493 492 1
493 494 1
494 434 1
494 554 1
494 493 1
494 495 1
495 435 1
495 555 1
495 494 1
495 496 1
496 436 1
496 556 1
496 495 1
496 497 1
497 437 1
497 557 1
497 496 1
497 498 1
498 438 1
498 497 1
498 499 1
499 559 1
499 498 1
503 563 1
503 504 1
504 564 1
504 503 1
504 505 1
505 445 1
505 565 1
505 504 1
505 506 1
506 446 1
506 566 1
506 505 1
506 507 1
507 447 1
507 567 1
507 506 1
507 508 1
508 448 1
508 568 1
508 507 1
508 509 1
509 449 1
509 569 1
509 508 1
509 510 1
510 450 1
510 570 1
510 509 1
510 511 1
511 451 1
511 571 1
511 510 1
511 512 1
512 452 1
512 572 1
512 511 1
512 513 1
513 453 1
513 573 1
513 512 1
513 514 1
514 454 1
514 574 1
514 513 1
514 515 1
515 455 1
515 575 1
515 514 1
515 516 1
516 456 1
516 576 1
516 515 1
516 517 1
517 457 1
517 577 1
517 516 1
517 518 1
518 458 1
518 578 1
518 517 1
518 519 1
519 459 1
519 579 1
519 518 1
519 520 1
520 460 1
520 580 1
520 519 1
520 521 1
521 461 1
521 581 1
521 520 1
521 522 1
522 462 1
522 582 1
522 521 1
522 523 1
523 463 1
523 583 1
523 522 1
523 524 1
524 464 1
524 584 1
524 523 1
524 525 1
525 465 1
525 585 1
525 524 1
525 526 1
526 466 1
526 586 1
526 525 1
526 527 1
527 467 1
527 587 1
527 526 1
527 528 1
528 468 1
528 588 1
528 527 1
528 529 1
529 469 1
529 589 1
529 528 1
529 530 1
530 470 1
530 590 1
530 529 1
530 531 1
531 471 1
531 591 1
531 530 1
531 532 1
532 472 1
532 592 1
532 531 1
532 533 1
533 473 1
533 593 1
533 532 1
533 534 1
534 474 1
534 594 1
534 533 1
534 535 1
535 475 1
535 595 1
535 534 1
535 536 1
536 476 1
536 596 1
536 535 1
536 537 1
537 477 1
537 597 1
537 536 1
537 538 1
538 478 1
538 598 1
538 537 1
538 539 1
539 479 1
539 599 1
539 538 1
540 480 1
540 600 1
540 541 1
541 481 1
541 601 1
541 540 1
541 542 1
542 482 1
542 602 1
542 541 1
542 543 1
543 483 1
543 603 1
543 542 1
543 544 1
544 484 1
544 604 1
544 543 1
544 545 1
545 485 1
545 605 1
545 544 1
545 546 1
546 486 1
546 606 1
546 545 1
546 547 1
547 487 1
547 607 1
547 546 1
547 548 1
548 488 1
548 608 1
548 547 1
548 549 1
549 489 1
549 609 1
549 548 1
549 550 1
550 490 1
550 610 1
550 549 1
550 551 1
551 491 1
551 611 1
551 550 1
551 552 1
552 492 1
552 612 1
552 551 1
552 553 1
553 493 1
553 613 1
553 552 1
553 554 1
554 494 1
554 614 1
554 553 1
554 555 1
555 495 1
555 615 1
555 554 1
555 556 1
556 496 1
556 555 1
556 557 1
557 497 1
557 556 1
559 499 1
562 622 1
562 563 1
563 503 1
563 623 1
563 562 1
563 564 1
564 504 1
564 624 1
564 563 1
564 565 1
565 505 1
565 625 1
565 564 1
565 566 1
566 506 1
566 626 1
566 565 1
566 567 1
567 507 1
567 627 1
567 566 1
567 568 1
568 508 1
568 628 1
568 567 1
568 569 1
569 509 1
569 629 1
569 568 1
569 570 1
570 510 1
570 630 1
570 569 1
570 571 1
571 511 1
571 631 1
571 570 1
571 572 1
572 512 1
572 632 1
572 571 1
572 573 1
573 513 1
573 633 1
573 572 1
573 574 1
574 514 1
574 634 1
574 573 1
574 575 1
575 515 1
575 635 1
575 574 1
575 576 1
576 516 1
576 636 1
576 575 1
576 577 1
577 517 1
577 637 1
577 576 1
577 578 1
578 518 1
578 638 1
578 577 1
578 579 1
579 519 1
579 639 1
579 578 1
579 580 1
580 520 1
580 640 1
580 579 1
580 581 1
581 521 1
581 641 1
581 580 1
581 582 1
582 522 1
582 642 1
582 581 1
582 583 1
583 523 1
583 643 1
583 582 1
583 584 1
584 524 1
584 644 1
584 583 1
584 585 1
585 525 1
585 645 1
585 584 1
585 586 1
586 526 1
586 646 1
586 585 1
586 587 1
587 527 1
587 647 1
587 586 1
587 588 1
588 528 1
588 648 1
588 587 1
588 589 1
589 529 1
589 649 1
589 588 1
589 590 1
590 530 1
590 650 1
590 589 1
590 591 1
591 531 1
591 651 1
591 590 1
591 592 1
592 532 1
592 652 1
592 591 1
592 593 1
593 533 1
593 653 1
593 592 1
593 594 1
594 534 1
594 654 1
594 593 1
594 595 1
595 535 1
595 655 1
595 594 1
595 596 1
596 536 1
596 656 1
596 595 1
596 597 1
597 537 1
597 657 1
597 596 1
597 598 1
598 538 1
598 658 1
598 597 1
598 599 1
599 539 1
599 659 1
599 598 1
600 540 1
600 660 1
600 601 1
601 541 1
601 661 1
601 600 1
601 602 1
602 542 1
602 662 1
602 601 1
602 603 1
603 543 1
603 663 1
603 602 1
603 604 1
604 544 1
604 664 1
604 603 1
604 605 1
605 545 1
605 665 1
605 604 1
605 606 1
606 546 1
606 666 1
606 605 1
606 607 1
607 547 1
607 667 1
607 606 1
607 608 1
608 548 1
608 668 1
608 607 1
608 609 1
609 549 1
609 669 1
609 608 1
609 610 1
610 550 1
610 670 1
610 609 1
610 611 1
611 551 1
611 671 1
611 610 1
611 612 1
612 552 1
612 672 1
612 611 1
612 613 1
613 553 1
613 673 1
613 612 1
613 614 1
614 554 1
614 674 1
614 613 1
614 615 1
615 555 1
615 675 1
615 614 1
621 681 1
621 622 1
622 562 1
622 682 1
622 621 1
622 623 1
623 563 1
623 683 1
623 622 1
623 624 1
624 564 1
624 684 1
624 623 1
624 625 1
625 565 1
625 685 1
625 624 1
625 626 1
626 566 1
626 686 1
626 625 1
626 627 1
627 567 1
627 687 1
627 626 1
627 628 1
628 568 1
628 688 1
628 627 1
628 629 1
629 569 1
629 689 1
629 628 1
629 630 1
630 570 1
630 690 1
630 629 1
630 631 1
631 571 1
631 691 1
631 630 1
631 632 1
632 572 1
632 692 1
632 631 1
632 633 1
633 573 1
633 693 1
633 632 1
633 634 1
634 574 1
634 694 1
634 633 1
634 635 1
635 575 1
635 695 1
635 634 1
635 636 1
636 576 1
636 696 1
636 635 1
636 637 1
637 577 1
637 697 1
637 636 1
637 638 1
638 578 1
638 698 1
638 637 1
638 639 1
639 579 1
639 699 1
639 638 1
639 640 1
640 580 1
640 700 1
640 639 1
640 641 1
641 581 1
641 701 1
641 640 1
641 642 1
642 582 1
642 702 1
642 641 1
642 643 1
643 583 1
643 703 1
643 642 1
643 644 1
644 584 1
644 704 1
644 643 1
644 645 1
645 585 1
645 705 1
645 644 1
645 646 1
646 586 1
646 706 1
646 645 1
646 647 1
647 587 1
647 707 1
647 646 1
647 648 1
648 588 1
648 708 1
648 647 1
648 649 1
649 589 1
649 709 1
649 648 1
649 650 1
650 590 1
650 710 1
650 649 1
650 651 1
651 591 1
651 711 1
651 650 1
651 652 1
652 592 1
652 712 1
652 651 1
652 653 1
653 593 1
653 713 1
653 652 1
653 654 1
654 594 1
654 714 1
654 653 1
654 655 1
655 595 1
655 715 1
655 654 1
655 656 1
656 596 1
656 716 1
656 655 1
656 657 1
657 597 1
657 717 1
657 656 1
657 658 1
658 598 1
658 718 1
658 657 1
658 659 1
659 599 1
659 719 1
659 658 1
660 600 1
660 720 1
660 661 1
661 601 1
661 721 1
661 660 1
661 662 1
662 602 1
662 722 1
662 661 1
662 663 1
663 603 1
663 723 1
663 662 1
663 664 1
664 604 1
664 724 1
664 663 1
664 665 1
665 605 1
665 725 1
665 664 1
665 666 1
666 606 1
666 726 1
666 665 1
666 667 1
667 607 1
667 727 1
667 666 1
667 668 1
668 608 1
668 728 1
668 667 1
668 669 1
669 609 1
669 729 1
669 668 1
669 670 1
670 610 1
670 730 1
670 669 1
670 671 1
671 611 1
671 670 1
671 672 1
672 612 1
672 732 1
672 671 1
672 673 1
673 613 1
673 733 1
673 672 1
673 674 1
674 614 1
674 734 1
674 673 1
674 675 1
675 615 1
675 674 1
680 740 1
680 681 1
681 621 1
681 741 1
681 680 1
681 682 1
682 622 1
682 742 1
682 681 1
682 683 1
683 623 1
683 743 1
683 682 1
683 684 1
684 624 1
684 744 1
684 683 1
684 685 1
685 625 1
685 745 1
685 684 1
685 686 1
686 626 1
686 746 1
686 685 1
686 687 1
687 627 1
687 747 1
687 686 1
687 688 1
688 628 1
688 748 1
688 687 1
688 689 1
689 629 1
689 749 1
689 688 1
689 690 1
690 630 1
690 750 1
690 689 1
690 691 1
691 631 1
691 751 1
691 690 1
691 692 1
692 632 1
692 752 1
692 691 1
692 693 1
693 633 1
693 753 1
693 692 1
693 694 1
694 634 1
694 754 1
694 693 1
694 695 1
695 635 1
695 755 1
695 694 1
695 696 1
696 636 1
696 756 1
696 695 1
696 697 1
697 637 1
697 757 1
697 696 1
697 698 1
698 638 1
698 758 1
698 697 1
698 699 1
699 639 1
699 759 1
699 698 1
699 700 1
700 640 1
700 760 1
700 699 1
700 701 1
701 641 1
701 761 1
701 700 1
701 702 1
702 642 1
702 762 1
702 701 1
702 703 1
703 643 1
703 763 1
703 702 1
703 704 1
704 644 1
704 764 1
704 703 1
704 705 1
705 645 1
705 765 1
705 704 1
705 706 1
706 646 1
706 766 1
706 705 1
706 707 1
707 647 1
707 767 1
707 706 1
707 708 1
708 648 1
708 768 1
708 707 1
708 709 1
709 649 1
709 769 1
709 708 1
709 710 1
710 650 1
710 770 1
710 709 1
710 711 1
711 651 1
711 771 1
711 710 1
711 712 1
712 652 1
712 772 1
712 711 1
712 713 1
713 653 1
713 773 1
713 712 1
713 714 1
714 654 1
714 774 1
714 713 1
714 715 1
715 655 1
715 775 1
715 714 1
715 716 1
716 656 1
716 776 1
716 715 1
716 717 1
717 657 1
717 777 1
717 716 1
717 718 1
718 658 1
718 778 1
718 717 1
718 719 1
719 659 1
719 779 1
719 718 1
720 660 1
720 780 1
720 721 1
721 661 1
721 781 1
721 720 1
721 722 1
722 662 1
722 782 1
722 721 1
722 723 1
723 663 1
723 783 1
723 722 1
723 724 1
724 664 1
724 784 1
724 723 1
724 725 1
725 665 1
725 785 1
725 724 1
725 726 1
726 666 1
726 786 1
726 725 1
726 727 1
727 667 1
727 787 1
727 726 1
727 728 1
728 668 1
728 788 1
728 727 1
728 729 1
729 669 1
729 789 1
729 728 1
729 730 1
730 670 1
730 790 1
730 729 1
732 672 1
732 792 1
732 733 1
733 673 1
733 793 1
733 732 1
733 734 1
734 674 1
734 733 1
739 799 1
739 740 1
740 680 1
740 800 1
740 739 1
740 741 1
741 681 1
741 801 1
741 740 1
741 742 1
742 682 1
742 802 1
742 741 1
742 743 1
743 683 1
743 803 1
743 742 1
743 744 1
744 684 1
744 804 1
744 743 1
744 745 1
745 685 1
745 805 1
745 744 1
745 746 1
746 686 1
746 806 1
746 745 1
746 747 1
747 687 1
747 807 1
747 746 1
747 748 1
748 688 1
748 808 1
748 747 1
748 749 1
749 689 1
749 809 1
749 748 1
749 750 1
750 690 1
750 810 1
750 749 1
750 751 1
751 691 1
751 811 1
751 750 1
751 752 1
752 692 1
752 812 1
752 751 1
752 753 1
753 693 1
753 813 1
753 752 1
753 754 1
754 694 1
754 814 1
754 753 1
754 755 1
755 695 1
755 815 1
755 754 1
755 756 1
756 696 1
756 816 1
756 755 1
756 757 1
757 697 1
757 817 1
757 756 1
757 758 1
758 698 1
758 818 1
758 757 1
758 759 1
759 699 1
759 819 1
759 758 1
759 760 1
760 700 1
760 820 1
760 759 1
760 761 1
761 701 1
761 821 1
761 760 1
761 762 1
762 702 1
762 822 1
762 761 1
762 763 1
763 703 1
763 823 1
763 762 1
763 764 1
764 704 1
764 824 1
764 763 1
764 765 1
765 705 1
765 825 1
765 764 1
765 766 1
766 706 1
766 826 1
766 765 1
766 767 1
767 707 1
767 827 1
767 766 1
767 768 1
768 708 1
768 828 1
768 767 1
768 769 1
769 709 1
769 829 1
769 768 1
769 770 1
770 710 1
770 830 1
770 769 1
770 771 1
771 711 1
771 831 1
771 770 1
771 772 1
772 712 1
772 832 1
772 771 1
772 773 1
773 713 1
773 833 1
773 772 1
773 774 1
774 714 1
774 834 1
774 773 1
774 775 1
775 715 1
775 835 1
775 774 1
775 776 1
776 716 1
776 836 1
776 775 1
776 777 1
777 717 1
777 837 1
777 776 1
777 778 1
778 718 1
778 838 1
778 777 1
778 779 1
779 719 1
779 839 1
779 778 1
780 720 1
780 840 1
780 781 1
781 721 1
781 841 1
781 780 1
781 782 1
782 722 1
782 842 1
782 781 1
782 783 1
783 723 1
783 843 1
783 782 1
783 784 1
784 724 1
784 844 1
784 783 1
784 785 1
785 725 1
785 845 1
785 784 1
785 786 1
786 726 1
786 846 1
786 785 1
786 787 1
787 727 1
787 847 1
787 786 1
787 788 1
788 728 1
788 848 1
788 787 1
788 789 1
789 729 1
789 849 1
789 788 1
789 790 1
790 730 1
790 850 1
790 789 1
792 732 1
792 793 1
793 733 1
793 792 1
798 858 1
798 799 1
799 739 1
799 859 1
799 798 1
799 800 1
800 740 1
800 860 1
800 799 1
800 801 1
801 741 1
801 861 1
801 800 1
801 802 1
802 742 1
802 862 1
802 801 1
802 803 1
803 743 1
803 863 1
803 802 1
803 804 1
804 744 1
804 864 1
804 803 1
804 805 1
805 745 1
805 865 1
805 804 1
805 806 1
806 746 1
806 866 1
806 805 1
806 807 1
807 747 1
807 867 1
807 806 1
807 808 1
808 748 1
808 868 1
808 807 1
808 809 1
809 749 1
809 869 1
809 808 1
809 810 1
810 750 1
810 870 1
810 809 1
810 811 1
811 751 1
811 871 1
811 810 1
811 812 1
812 752 1
812 872 1
812 811 1
812 813 1
813 753 1
813 873 1
813 812 1
813 814 1
814 754 1
814 874 1
814 813 1
814 815 1
815 755 1
815 875 1
815 814 1
815 816 1
816 756 1
816 876 1
816 815 1
816 817 1
817 757 1
817 877 1
817 816 1
817 818 1
818 758 1
818 878 1
818 817 1
818 819 1
819 759 1
819 879 1
819 818 1
819 820 1
820 760 1
820 880 1
820 819 1
820 821 1
821 761 1
821 881 1
821 820 1
821 822 1
822 762 1
822 882 1
822 821 1
822 823 1
823 763 1
823 883 1
823 822 1
823 824 1
824 764 1
824 884 1
824 823 1
824 825 1
825 765 1
825 885 1
825 824 1
825 826 1
826 766 1
826 886 1
826 825 1
826 827 1
827 767 1
827 887 1
827 826 1
827 828 1
828 768 1
828 888 1
828 827 1
828 829 1
829 769 1
829 889 1
829 828 1
829 830 1
830 770 1
830 890 1
830 829 1
830 831 1
831 771 1
831 891 1
831 830 1
831 832 1
832 772 1
832 892 1
832 831 1
832 833 1
833 773 1
833 893 1
833 832 1
833 834 1
834 774 1
834 894 1
834 833 1
834 835 1
835 775 1
835 895 1
835 834 1
835 836 1
836 776 1
836 896 1
836 835 1
836 837 1
837 777 1
837 897 1
837 836 1
837 838 1
838 778 1
838 898 1
838 837 1
838 839 1
839 779 1
839 899 1
839 838 1
840 780 1
840 900 1
840 841 1
841 781 1
841 901 1
841 840 1
841 842 1
842 782 1
842 902 1
842 841 1
842 843 1
843 783 1
843 903 1
843 842 1
843 844 1
844 784 1
844 904 1
844 843 1
844 845 1
845 785 1
845 905 1
845 844 1
845 846 1
846 786 1
846 906 1
846 845 1
846 847 1
847 787 1
847 907 1
847 846 1
847 848 1
848 788 1
848 908 1
848 847 1
848 849 1
849 789 1
849 909 1
849 848 1
849 850 1
850 790 1
850 910 1
850 849 1
850 851 1
851 911 1
851 850 1
856 916 1
856 857 1
857 917 1
857 856 1
857 858 1
858 798 1
858 918 1
858 857 1
858 859 1
859 799 1
859 919 1
859 858 1
859 860 1
860 800 1
860 920 1
860 859 1
860 861 1
861 801 1
861 921 1
861 860 1
861 862 1
862 802 1
862 922 1
862 861 1
862 863 1
863 803 1
863 923 1
863 862 1
863 864 1
864 804 1
864 924 1
864 863 1
864 865 1
865 805 1
865 925 1
865 864 1
865 866 1
866 806 1
866 926 1
866 865 1
866 867 1
867 807 1
867 927 1
867 866 1
867 868 1
868 808 1
868 928 1
868 867 1
868 869 1
869 809 1
869 929 1
869 868 1
869 870 1
870 810 1
870 930 1
870 869 1
870 871 1
871 811 1
871 931 1
871 870 1
871 872 1
872 812 1
872 932 1
872 871 1
872 873 1
873 813 1
873 933 1
873 872 1
873 874 1
874 814 1
874 934 1
874 873 1
874 875 1
875 815 1
875 935 1
875 874 1
875 876 1
876 816 1
876 936 1
876 875 1
876 877 1
877 817 1
877 937 1
877 876 1
877 878 1
878 818 1
878 938 1
878 877 1
878 879 1
879 819 1
879 939 1
879 878 1
879 880 1
880 820 1
880 940 1
880 879 1
880 881 1
881 821 1
881 941 1
881 880 1
881 882 1
882 822 1
882 942 1
882 881 1
882 883 1
883 823 1
883 943 1
883 882 1
883 884 1
884 824 1
884 944 1
884 883 1
884 885 1
885 825 1
885 945 1
885 884 1
885 886 1
886 826 1
886 946 1
886 885 1
886 887 1
887 827 1
887 947 1
887 886 1
887 888 1
888 828 1
888 948 1
888 887 1
888 889 1
889 829 1
889 949 1
889 888 1
889 890 1
890 830 1
890 950 1
890 889 1
890 891 1
891 831 1
891 951 1
891 890 1
891 892 1
892 832 1
892 952 1
892 891 1
892 893 1
893 833 1
893 953 1
893 892 1
893 894 1
894 834 1
894 954 1
894 893 1
894 895 1
895 835 1
895 955 1
895 894 1
895 896 1
896 836 1
896 956 1
896 895 1
896 897 1
897 837 1
897 957 1
897 896 1
897 898 1
898 838 1
898 958 1
898 897 1
898 899 1
899 839 1
899 959 1
899 898 1
900 840 1
900 960 1
900 901 1
901 841 1
901 961 1
901 900 1
901 902 1
902 842 1
902 962 1
902 901 1
902 903 1
903 843 1
903 963 1
903 902 1
903 904 1
904 844 1
904 964 1
904 903 1
904 905 1
905 845 1
905 965 1
905 904 1
905 906 1
906 846 1
906 966 1
906 905 1
906 907 1
907 847 1
907 967 1
907 906 1
907 908 1
908 848 1
908 968 1
908 907 1
908 909 1
909 849 1
909 969 1
909 908 1
909 910 1
910 850 1
910 970 1
910 909 1
910 911 1
911 851 1
911 910 1
915 975 1
915 916 1
916 856 1
916 976 1
916 915 1
916 917 1
917 857 1
917 977 1
917 916 1
917 918 1
918 858 1
918 978 1
918 917 1
918 919 1
919 859 1
919 979 1
919 918 1
919 920 1
920 860 1
920 980 1
920 919 1
920 921 1
921 861 1
921 981 1
921 920 1
921 922 1
922 862 1
922 982 1
922 921 1
922 923 1
923 863 1
923 983 1
923 922 1
923 924 1
924 864 1
924 984 1
924 923 1
924 925 1
925 865 1
925 985 1
925 924 1
925 926 1
926 866 1
926 986 1
926 925 1
926 927 1
927 867 1
927 987 1
927 926 1
927 928 1
928 868 1
928 988 1
928 927 1
928 929 1
929 869 1
929 989 1
929 928 1
929 930 1
930 870 1
930 990 1
930 929 1
930 931 1
931 871 1
931 991 1
931 930 1
931 932 1
932 872 1
932 992 1
932 931 1
932 933 1
933 873 1
933 993 1
933 932 1
933 934 1
934 874 1
934 994 1
934 933 1
934 935 1
935 875 1
935 995 1
935 934 1
935 936 1
936 876 1
936 996 1
936 935 1
936 937 1
937 877 1
937 997 1
937 936 1
937 938 1
938 878 1
938 998 1
938 937 1
938 939 1
939 879 1
939 999 1
939 938 1
939 940 1
940 880 1
940 1000 1
940 939 1
940 941 1
941 881 1
941 1001 1
941 940 1
941 942 1
942 882 1
942 1002 1
942 941 1
942 943 1
943 883 1
943 1003 1
943 942 1
943 944 1
944 884 1
944 1004 1
944 943 1
944 945 1
945 885 1
945 1005 1
945 944 1
945 946 1
946 886 1
946 1006 1
946 945 1
946 947 1
947 887 1
947 1007 1
947 946 1
947 948 1
948 888 1
948 1008 1
948 947 1
948 949 1
949 889 1
949 1009 1
949 948 1
949 950 1
950 890 1
950 1010 1
950 949 1
950 951 1
951 891 1
951 1011 1
951 950 1
951 952 1
952 892 1
952 1012 1
952 951 1
952 953 1
953 893 1
953 1013 1
953 952 1
953 954 1
954 894 1
954 1014 1
954 953 1
954 955 1
955 895 1
955 1015 1
955 954 1
955 956 1
956 896 1
956 1016 1
956 955 1
956 957 1
957 897 1
957 1017 1
957 956 1
957 958 1
958 898 1
958 1018 1
958 957 1
958 959 1
959 899 1
959 1019 1
959 958 1
960 900 1
960 1020 1
960 961 1
961 901 1
961 1021 1
961 960 1
961 962 1
962 902 1
962 1022 1
962 961 1
962 963 1
963 903 1
963 1023 1
963 962 1
963 964 1
964 904 1
964 1024 1
964 963 1
964 965 1
965 905 1
965 1025 1
965 964 1
965 966 1
966 906 1
966 1026 1
966 965 1
966 967 1
967 907 1
967 1027 1
967 966 1
967 968 1
968 908 1
968 1028 1
968 967 1
968 969 1
969 909 1
969 1029 1
969 968 1
969 970 1
970 910 1
970 969 1
975 915 1
975 976 1
976 916 1
976 975 1
976 977 1
977 917 1
977 976 1
977 978 1
978 918 1
978 1038 1
978 977 1
978 979 1
979 919 1
979 1039 1
979 978 1
979 980 1
980 920 1
980 1040 1
980 979 1
980 981 1
981 921 1
981 1041 1
981 980 1
981 982 1
982 922 1
982 1042 1
982 981 1
982 983 1
983 923 1
983 1043 1
983 982 1
983 984 1
984 924 1
984 1044 1
984 983 1
984 985 1
985 925 1
985 1045 1
985 984 1
985 986 1
986 926 1
986 1046 1
986 985 1
986 987 1
987 927 1
987 1047 1
987 986 1
987 988 1
988 928 1
988 1048 1
988 987 1
988 989 1
989 929 1
989 1049 1
989 988 1
989 990 1
990 930 1
990 1050 1
990 989 1
990 991 1
991 931 1
991 1051 1
991 990 1
991 992 1
992 932 1
992 1052 1
992 991 1
992 993 1
993 933 1
993 1053 1
993 992 1
993 994 1
994 934 1
994 1054 1
994 993 1
994 995 1
995 935 1
995 1055 1
995 994 1
995 996 1
996 936 1
996 1056 1
996 995 1
996 997 1
997 937 1
997 1057 1
997 996 1
997 998 1
998 938 1
998 1058 1
998 997 1
998 999 1
999 939 1
999 1059 1
999 998 1
999 1000 1
1000 940 1
1000 1060 1
1000 999 1
1000 1001 1
1001 941 1
1001 1061 1
1001 1000 1
1001 1002 1
1002 942 1
1002 1062 1
1002 1001 1
1002 1003 1
1003 943 1
1003 1063 1
1003 1002 1
1003 1004 1
1004 944 1
1004 1064 1
1004 1003 1
1004 1005 1
1005 945 1
1005 1065 1
1005 1004 1
1005 1006 1
1006 946 1
1006 1066 1
1006 1005 1
1006 1007 1
1007 947 1
1007 1067 1
1007 1006 1
1007 1008 1
1008 948 1
1008 1068 1
1008 1007 1
1008 1009 1
1009 949 1
1009 1069 1
1009 1008 1
1009 1010 1
1010 950 1
1010 1070 1
1010 1009 1
1010 1011 1
1011 951 1
1011 1071 1
1011 1010 1
1011 1012 1
1012 952 1
1012 1072 1
1012 1011 1
1012 1013 1
1013 953 1
1013 1073 1
1013 1012 1
1013 1014 1
1014 954 1
1014 1074 1
1014 1013 1
1014 1015 1
1015 955 1
1015 1075 1
1015 1014 1
1015 1016 1
1016 956 1
1016 1076 1
1016 1015 1
1016 1017 1
1017 957 1
1017 1077 1
1017 1016 1
1017 1018 1
1018 958 1
1018 1078 1
1018 1017 1
1018 1019 1
1019 959 1
1019 1079 1
1019 1018 1
1020 960 1
1020 1080 1
1020 1021 1
1021 961 1
1021 1081 1
1021 1020 1
1021 1022 1
1022 962 1
1022 1082 1
1022 1021 1
1022 1023 1
1023 963 1
1023 1083 1
1023 1022 1
1023 1024 1
1024 964 1
1024 1084 1
1024 1023 1
1024 1025 1
1025 965 1
1025 1085 1
1025 1024 1
1025 1026 1
1026 966 1
1026 1086 1
1026 1025 1
1026 1027 1
1027 967 1
1027 1087 1
1027 1026 1
1027 1028 1
1028 968 1
1028 1088 1
1028 1027 1
1028 1029 1
1029 969 1
1029 1089 1
1029 1028 1
1033 1034 1
1034 1033 1
1038 978 1
1038 1039 1
1039 979 1
1039 1038 1
1039 1040 1
1040 980 1
1040 1039 1
1040 1041 1
1041 981 1
1041 1040 1
1041 1042 1
1042 982 1
1042 1102 1
1042 1041 1
1042 1043 1
1043 983 1
1043 1103 1
1043 1042 1
1043 1044 1
1044 984 1
1044 1104 1
1044 1043 1
1044 1045 1
1045 985 1
1045 1105 1
1045 1044 1
1045 1046 1
1046 986 1
1046 1106 1
1046 1045 1
1046 1047 1
1047 987 1
1047 1107 1
1047 1046 1
1047 1048 1
1048 988 1
1048 1108 1
1048 1047 1
1048 1049 1
1049 989 1
1049 1109 1
1049 1048 1
1049 1050 1
1050 990 1
1050 1110 1
1050 1049 1
1050 1051 1
1051 991 1
1051 1111 1
1051 1050 1
1051 1052 1
1052 992 1
1052 1112 1
1052 1051 1
1052 1053 1
1053 993 1
1053 1113 1
1053 1052 1
1053 1054 1
1054 994 1
1054 1114 1
1054 1053 1
1054 1055 1
1055 995 1
1055 1115 1
1055 1054 1
1055 1056 1
1056 996 1
1056 1116 1
1056 1055 1
1056 1057 1
1057 997 1
1057 1117 1
1057 1056 1
1057 1058 1
1058 998 1
1058 1118 1
1058 1057 1
1058 1059 1
1059 999 1
1059 1119 1
1059 1058 1
1059 1060 1
1060 1000 1
1060 1120 1
1060 1059 1
1060 1061 1
1061 1001 1
1061 1121 1
1061 1060 1
1061 1062 1
1062 1002 1
1062 1122 1
1062 1061 1
1062 1063 1
1063 1003 1
1063 1123 1
1063 1062 1
1063 1064 1
1064 1004 1
1064 1124 1
1064 1063 1
1064 1065 1
1065 1005 1
1065 1125 1
1065 1064 1
1065 1066 1
1066 1006 1
1066 1126 1
1066 1065 1
1066 1067 1
1067 1007 1
1067 1127 1
1067 1066 1
1067 1068 1
1068 1008 1
1068 1128 1
1068 1067 1
1068 1069 1
1069 1009 1
1069 1129 1
1069 1068 1
1069 1070 1
1070 1010 1
1070 1130 1
1070 1069 1
1070 1071 1
1071 1011 1
1071 1131 1
1071 1070 1
1071 1072 1
1072 1012 1
1072 1132 1
1072 1071 1
1072 1073 1
1073 1013 1
1073 1133 1
1073 1072 1
1073 1074 1
1074 1014 1
1074 1134 1
1074 1073 1
1074 1075 1
1075 1015 1
1075 1135 1
1075 1074 1
1075 1076 1
1076 1016 1
1076 1136 1
1076 1075 1
1076 1077 1
1077 1017 1
1077 1137 1
1077 1076 1
1077 1078 1
1078 1018 1
1078 1138 1
1078 1077 1
1078 1079 1
1079 1019 1
1079 1139 1
1079 1078 1
1080 1020 1
1080 1140 1
1080 1081 1
1081 1021 1
1081 1141 1
1081 1080 1
1081 1082 1
1082 1022 1
1082 1142 1
1082 1081 1
1082 1083 1
1083 1023 1
1083 1143 1
1083 1082 1
1083 1084 1
1084 1024 1
1084 1144 1
1084 1083 1
1084 1085 1
1085 1025 1
1085 1145 1
1085 1084 1
1085 1086 1
1086 1026 1
1086 1146 1
1086 1085 1
1086 1087 1
1087 1027 1
1087 1147 1
1087 1086 1
1087 1088 1
1088 1028 1
1088 1148 1
1088 1087 1
1088 1089 1
1089 1029 1
1089 1149 1
1089 1088 1
1092 1152 1
1102 1042 1
1102 1162 1
1102 1103 1
1103 1043 1
1103 1163 1
1103 1102 1
1103 1104 1
1104 1044 1
1104 1164 1
1104 1103 1
1104 1105 1
1105 1045 1
1105 1165 1
1105 1104 1
1105 1106 1
1106 1046 1
1106 1166 1
1106 1105 1
1106 1107 1
1107 1047 1
1107 1167 1
1107 1106 1
1107 1108 1
1108 1048 1
1108 1168 1
1108 1107 1
1108 1109 1
1109 1049 1
1109 1169 1
1109 1108 1
1109 1110 1
1110 1050 1
1110 1170 1
1110 1109 1
1110 1111 1
1111 1051 1
1111 1171 1
1111 1110 1
1111 1112 1
1112 1052 1
1112 1172 1
1112 1111 1
1112 1113 1
1113 1053 1
1113 1173 1
1113 1112 1
1113 1114 1
1114 1054 1
1114 1174 1
1114 1113 1
1114 1115 1
1115 1055 1
1115 1175 1
1115 1114 1
1115 1116 1
1116 1056 1
1116 1176 1
1116 1115 1
1116 1117 1
1117 1057 1
1117 1177 1
1117 1116 1
1117 1118 1
1118 1058 1
1118 1178 1
1118 1117 1
1118 1119 1
1119 1059 1
1119 1179 1
1119 1118 1
1119 1120 1
1120 1060 1
1120 1180 1
1120 1119 1
1120 1121 1
1121 1061 1
1121 1181 1
1121 1120 1
1121 1122 1
1122 1062 1
1122 1182 1
1122 1121 1
1122 1123 1
1123 1063 1
1123 1183 1
1123 1122 1
1123 1124 1
1124 1064 1
1124 1184 1
1124 1123 1
1124 1125 1
1125 1065 1
1125 1185 1
1125 1124 1
1125 1126 1
1126 1066 1
1126 1186 1
1126 1125 1
1126 1127 1
1127 1067 1
1127 1187 1
1127 1126 1
1127 1128 1
1128 1068 1
1128 1188 1
1128 1127 1
1128 1129 1
1129 1069 1
1129 1189 1
1129 1128 1
1129 1130 1
1130 1070 1
1130 1190 1
1130 1129 1
1130 1131 1
1131 1071 1
1131 1191 1
1131 1130 1
1131 1132 1
1132 1072 1
1132 1192 1
1132 1131 1
1132 1133 1
1133 1073 1
1133 1193 1
1133 1132 1
1133 1134 1
1134 1074 1
1134 1194 1
1134 1133 1
1134 1135 1
1135 1075 1
1135 1195 1
1135 1134 1
1135 1136 1
1136 1076 1
1136 1196 1
1136 1135 1
1136 1137 1
1137 1077 1
1137 1197 1
1137 1136 1
1137 1138 1
1138 1078 1
1138 1198 1
1138 1137 1
1138 1139 1
1139 1079 1
1139 1199 1
1139 1138 1
1140 1080 1
1140 1200 1
1140 1141 1
1141 1081 1
1141 1201 1
1141 1140 1
1141 1142 1
1142 1082 1
1142 1202 1
1142 1141 1
1142 1143 1
1143 1083 1
1143 1203 1
1143 1142 1
1143 1144 1
1144 1084 1
1144 1204 1
1144 1143 1
1144 1145 1
1145 1085 1
1145 1205 1
1145 1144 1
1145 1146 1
1146 1086 1
1146 1206 1
1146 1145 1
1146 1147 1
1147 1087 1
1147 1207 1
1147 1146 1
1147 1148 1
1148 1088 1
1148 1208 1
1148 1147 1
1148 1149 1
1149 1089 1
1149 1209 1
1149 1148 1
1151 1211 1
1151 1152 1
1152 1092 1
1152 1212 1
1152 1151 1
1152 1153 1
1153 1213 1
1153 1152 1
1153 1154 1
1154 1214 1
1154 1153 1
1154 1155 1
1155 1215 1
1155 1154 1
1155 1156 1
1156 1216 1
1156 1155 1
1156 1157 1
1157 1217 1
1157 1156 1
1157 1158 1
1158 1218 1
1158 1157 1
1158 1159 1
1159 1219 1
1159 1158 1
1159 1160 1
1160 1220 1
1160 1159 1
1160 1161 1
1161 1221 1
1161 1160 1
1161 1162 1
1162 1102 1
1162 1222 1
1162 1161 1
1162 1163 1
1163 1103 1
1163 1223 1
1163 1162 1
1163 1164 1
1164 1104 1
1164 1224 1
1164 1163 1
1164 1165 1
1165 1105 1
1165 1225 1
1165 1164 1
1165 1166 1
1166 1106 1
1166 1226 1
1166 1165 1
1166 1167 1
1167 1107 1
1167 1227 1
1167 1166 1
1167 1168 1
1168 1108 1
1168 1228 1
1168 1167 1
1168 1169 1
1169 1109 1
1169 1229 1
1169 1168 1
1169 1170 1
1170 1110 1
1170 1230 1
1170 1169 1
1170 1171 1
1171 1111 1
1171 1231 1
1171 1170 1
1171 1172 1
1172 1112 1
1172 1232 1
1172 1171 1
1172 1173 1
1173 1113 1
1173 1233 1
1173 1172 1
1173 1174 1
1174 1114 1
1174 1234 1
1174 1173 1
1174 1175 1
1175 1115 1
1175 1235 1
1175 1174 1
1175 1176 1
1176 1116 1
1176 1236 1
1176 1175 1
1176 1177 1
1177 1117 1
1177 1237 1
1177 1176 1
1177 1178 1
1178 1118 1
1178 1238 1
1178 1177 1
1178 1179 1
1179 1119 1
1179 1239 1
1179 1178 1
1179 1180 1
1180 1120 1
1180 1240 1
1180 1179 1
1180 1181 1
1181 1121 1
1181 1241 1
1181 1180 1
1181 1182 1
1182 1122 1
1182 1242 1
1182 1181 1
1182 1183 1
1183 1123 1
1183 1243 1
1183 1182 1
1183 1184 1
1184 1124 1
1184 1244 1
1184 1183 1
1184 1185 1
1185 1125 1
1185 1245 1
1185 1184 1
1185 1186 1
1186 1126 1
1186 1246 1
1186 1185 1
1186 1187 1
1187 1127 1
1187 1247 1
1187 1186 1
1187 1188 1
1188 1128 1
1188 1248 1
1188 1187 1
1188 1189 1
1189 1129 1
1189 1249 1
1189 1188 1
1189 1190 1
1190 1130 1
1190 1250 1
1190 1189 1
1190 1191 1
1191 1131 1
1191 1251 1
1191 1190 1
1191 1192 1
1192 1132 1
1192 1252 1
1192 1191 1
1192 1193 1
1193 1133 1
1193 1253 1
1193 1192 1
1193 1194 1
1194 1134 1
1194 1254 1
1194 1193 1
1194 1195 1
1195 1135 1
1195 1255 1
1195 1194 1
1195 1196 1
1196 1136 1
1196 1256 1
1196 1195 1
1196 1197 1
1197 1137 1
1197 1257 1
1197 1196 1
1197 1198 1
1198 1138 1
1198 1258 1
1198 1197 1
1198 1199 1
1199 1139 1
1199 1259 1
1199 1198 1
1200 1140 1
1200 1260 1
1200 1201 1
1201 1141 1
1201 1261 1
1201 1200 1
1201 1202 1
1202 1142 1
1202 1262 1
1202 1201 1
1202 1203 1
1203 1143 1
1203 1263 1
1203 1202 1
1203 1204 1
1204 1144 1
1204 1264 1
1204 1203 1
1204 1205 1
1205 1145 1
1205 1265 1
1205 1204 1
1205 1206 1
1206 1146 1
1206 1266 1
1206 1205 1
1206 1207 1
1207 1147 1
1207 1267 1
1207 1206 1
1207 1208 1
1208 1148 1
1208 1268 1
1208 1207 1
1208 1209 1
1209 1149 1
1209 1269 1
1209 1208 1
1209 1210 1
1210 1270 1
1210 1209 1
1210 1211 1
1211 1151 1
1211 1271 1
1211 1210 1
1211 1212 1
1212 1152 1
1212 1272 1
1212 1211 1
1212 1213 1
1213 1153 1
1213 1273 1
1213 1212 1
1213 1214 1
1214 1154 1
1214 1274 1
1214 1213 1
1214 1215 1
1215 1155 1
1215 1275 1
1215 1214 1
1215 1216 1
1216 1156 1
1216 1276 1
1216 1215 1
1216 1217 1
1217 1157 1
1217 1277 1
1217 1216 1
1217 1218 1
1218 1158 1
1218 1278 1
1218 1217 1
1218 1219 1
1219 1159 1
1219 1279 1
1219 1218 1
1219 1220 1
1220 1160 1
1220 1280 1
1220 1219 1
1220 1221 1
1221 1161 1
1221 1281 1
1221 1220 1
1221 1222 1
1222 1162 1
1222 1282 1
1222 1221 1
1222 1223 1
1223 1163 1
1223 1283 1
1223 1222 1
1223 1224 1
1224 1164 1
1224 1284 1
1224 1223 1
1224 1225 1
1225 1165 1
1225 1285 1
1225 1224 1
1225 1226 1
1226 1166 1
1226 1286 1
1226 1225 1
1226 1227 1
1227 1167 1
1227 1287 1
1227 1226 1
1227 1228 1
1228 1168 1
1228 1288 1
1228 1227 1
1228 1229 1
1229 1169 1
1229 1289 1
1229 1228 1
1229 1230 1
1230 1170 1
1230 1290 1
1230 1229 1
1230 1231 1
1231 1171 1
1231 1291 1
1231 1230 1
1231 1232 1
1232 1172 1
1232 1292 1
1232 1231 1
1232 1233 1
1233 1173 1
1233 1293 1
1233 1232 1
1233 1234 1
1234 1174 1
1234 1294 1
1234 1233 1
1234 1235 1
1235 1175 1
1235 1295 1
1235 1234 1
1235 1236 1
1236 1176 1
1236 1296 1
1236 1235 1
1236 1237 1
1237 1177 1
1237 1297 1
1237 1236 1
1237 1238 1
1238 1178 1
1238 1298 1
1238 1237 1
1238 1239 1
1239 1179 1
1239 1299 1
1239 1238 1
1239 1240 1
1240 1180 1
1240 1300 1
1240 1239 1
1240 1241 1
1241 1181 1
1241 1301 1
1241 1240 1
1241 1242 1
1242 1182 1
1242 1302 1
1242 1241 1
1242 1243 1
1243 1183 1
1243 1303 1
1243 1242 1
1243 1244 1
1244 1184 1
1244 1304 1
1244 1243 1
1244 1245 1
1245 1185 1
1245 1305 1
1245 1244 1
1245 1246 1
1246 1186 1
1246 1306 1
1246 1245 1
1246 1247 1
1247 1187 1
1247 1307 1
1247 1246 1
1247 1248 1
1248 1188 1
1248 1308 1
1248 1247 1
1248 1249 1
1249 1189 1
1249 1309 1
1249 1248 1
1249 1250 1
1250 1190 1
1250 1310 1
1250 1249 1
1250 1251 1
1251 1191 1
1251 1311 1
1251 1250 1
1251 1252 1
1252 1192 1
1252 1312 1
1252 1251 1
1252 1253 1
1253 1193 1
1253 1313 1
1253 1252 1
1253 1254 1
1254 1194 1
1254 1314 1
1254 1253 1
1254 1255 1
1255 1195 1
1255 1315 1
1255 1254 1
1255 1256 1
1256 1196 1
1256 1316 1
1256 1255 1
1256 1257 1
1257 1197 1
1257 1317 1
1257 1256 1
1257 1258 1
1258 1198 1
1258 1318 1
1258 1257 1
1258 1259 1
1259 1199 1
1259 1319 1
1259 1258 1
1260 1200 1
1260 1261 1
1261 1201 1
1261 1260 1
1261 1262 1
1262 1202 1
1262 1261 1
1262 1263 1
1263 1203 1
1263 1262 1
1263 1264 1
1264 1204 1
1264 1263 1
1264 1265 1
1265 1205 1
1265 1264 1
1265 1266 1
1266 1206 1
1266 1265 1
1266 1267 1
1267 1207 1
1267 1266 1
1267 1268 1
1268 1208 1
1268 1267 1
1268 1269 1
1269 1209 1
1269 1268 1
1269 1270 1
1270 1210 1
1270 1269 1
1270 1271 1
1271 1211 1
1271 1270 1
1271 1272 1
1272 1212 1
1272 1271 1
1272 1273 1
1273 1213 1
1273 1272 1
1273 1274 1
1274 1214 1
1274 1273 1
1274 1275 1
1275 1215 1
1275 1274 1
1275 1276 1
1276 1216 1
1276 1275 1
1276 1277 1
1277 1217 1
1277 1276 1
1277 1278 1
1278 1218 1
1278 1277 1
1278 1279 1
1279 1219 1
1279 1278 1
1279 1280 1
1280 1220 1
1280 1279 1
1280 1281 1
1281 1221 1
1281 1280 1
1281 1282 1
1282 1222 1
1282 1281 1
1282 1283 1
1283 1223 1
1283 1282 1
1283 1284 1
1284 1224 1
1284 1283 1
1284 1285 1
1285 1225 1
1285 1284 1
1285 1286 1
1286 1226 1
1286 1285 1
1286 1287 1
1287 1227 1
1287 1286 1
1287 1288 1
1288 1228 1
1288 1287 1
1288 1289 1
1289 1229 1
1289 1288 1
1289 1290 1
1290 1230 1
1290 1289 1
1290 1291 1
1291 1231 1
1291 1290 1
1291 1292 1
1292 1232 1
1292 1291 1
1292 1293 1
1293 1233 1
1293 1292 1
1293 1294 1
1294 1234 1
1294 1293 1
1294 1295 1
1295 1235 1
1295 1294 1
1295 1296 1
1296 1236 1
1296 1295 1
1296 1297 1
1297 1237 1
1297 1296 1
1297 1298 1
1298 1238 1
1298 1297 1
1298 1299 1
1299 1239 1
1299 1298 1
1299 1300 1
1300 1240 1
1300 1299 1
1300 1301 1
1301 1241 1
1301 1300 1
1301 1302 1
1302 1242 1
1302 1301 1
1302 1303 1
1303 1243 1
1303 1302 1
1303 1304 1
1304 1244 1
1304 1303 1
1304 1305 1
1305 1245 1
1305 1304 1
1305 1306 1
1306 1246 1
1306 1305 1
1306 1307 1
1307 1247 1
1307 1306 1
1307 1308 1
1308 1248 1
1308 1307 1
1308 1309 1
1309 1249 1
1309 1308 1
1309 1310 1
1310 1250 1
1310 1309 1
1310 1311 1
1311 1251 1
1311 1310 1
1311 1312 1
1312 1252 1
1312 1311 1
1312 1313 1
1313 1253 1
1313 1312 1
1313 1314 1
1314 1254 1
1314 1313 1
1314 1315 1
1315 1255 1
1315 1314 1
1315 1316 1
1316 1256 1
1316 1315 1
1316 1317 1
1317 1257 1
1317 1316 1
1317 1318 1
1318 1258 1
1318 1317 1
1318 1319 1
1319 1259 1
1319 1318 1
0 0 0
1 1 0
2 2 0
3 3 0
4 4 0
5 5 0
6 6 0
7 7 0
8 8 0
9 9 0
10 10 0
11 11 0
12 12 0
13 13 0
14 14 0
15 15 0
16 16 0
17 17 0
18 18 0
19 19 0
20 20 0
21 21 0
22 22 0
23 23 0
24 24 0
25 25 0
26 26 0
27 27 0
29 29 0
30 30 0
31 31 0
32 32 0
33 33 0
34 34 0
35 35 0
36 36 0
37 37 0
38 38 0
39 39 0
40 40 0
41 41 0
42 42 0
43 43 0
44 44 0
45 45 0
46 46 0
47 47 0
48 48 0
49 49 0
50 50 0
51 51 0
52 52 0
53 53 0
54 54 0
55 55 0
56 56 0
57 57 0
58 58 0
59 59 0
60 0 1
61 1 1
62 2 1
63 3 1
64 4 1
65 5 1
66 6 1
67 7 1
68 8 1
69 9 1
70 10 1
71 11 1
72 12 1
73 13 1
74 14 1
75 15 1
76 16 1
77 17 1
78 18 1
79 19 1
80 20 1
81 21 1
82 22 1
83 23 1
84 24 1
85 25 1
89 29 1
90 30 1
91 31 1
92 32 1
93 33 1
94 34 1
95 35 1
96 36 1
97 37 1
98 38 1
99 39 1
100 40 1
101 41 1
102 42 1
103 43 1
104 44 1
105 45 1
106 46 1
107 47 1
108 48 1
109 49 1
110 50 1
111 51 1
112 52 1
113 53 1
114 54 1
115 55 1
116 56 1
117 57 1
118 58 1
119 59 1
120 0 2
121 1 2
122 2 2
123 3 2
124 4 2
125 5 2
126 6 2
127 7 2
128 8 2
129 9 2
130 10 2
131 11 2
132 12 2
133 13 2
134 14 2
135 15 2
136 16 2
137 17 2
138 18 2
139 19 2
140 20 2
141 21 2
142 22 2
143 23 2
144 24 2
147 27 2
148 28 2
149 29 2
150 30 2
151 31 2
152 32 2
153 33 2
154 34 2
155 35 2
156 36 2
157 37 2
158 38 2
159 39 2
160 40 2
161 41 2
162 42 2
163 43 2
164 44 2
165 45 2
166 46 2
167 47 2
168 48 2
169 49 2
170 50 2
171 51 2
172 52 2
173 53 2
174 54 2
175 55 2
176 56 2
177 57 2
178 58 2
179 59 2
180 0 3
181 1 3
182 2 3
183 3 3
184 4 3
185 5 3
186 6 3
187 7 3
188 8 3
189 9 3
190 10 3
191 11 3
192 12 3
193 13 3
194 14 3
195 15 3
196 16 3
197 17 3
198 18 3
199 19 3
200 20 3
201 21 3
202 22 3
203 23 3
206 26 3
207 27 3
208 28 3
209 29 3
210 30 3
211 31 3
212 32 3
213 33 3
214 34 3
215 35 3
216 36 3
217 37 3
218 38 3
219 39 3
220 40 3
221 41 3
222 42 3
223 43 3
224 44 3
225 45 3
226 46 3
227 47 3
228 48 3
229 49 3
230 50 3
231 51 3
232 52 3
233 53 3
234 54 3
235 55 3
236 56 3
237 57 3
238 58 3
239 59 3
240 0 4
241 1 4
242 2 4
243 3 4
244 4 4
245 5 4
246 6 4
247 7 4
248 8 4
249 9 4
250 10 4
251 11 4
252 12 4
253 13 4
254 14 4
255 15 4
256 16 4
257 17 4
258 18 4
259 19 4
260 20 4
261 21 4
262 22 4
265 25 4
266 26 4
267 27 4
268 28 4
269 29 4
270 30 4
271 31 4
272 32 4
273 33 4
276 36 4
277 37 4
278 38 4
279 39 4
280 40 4
281 41 4
282 42 4
283 43 4
284 44 4
285 45 4
286 46 4
287 47 4
288 48 4
289 49 4
290 50 4
291 51 4
292 52 4
293 53 4
294 54 4
295 55 4
296 56 4
297 57 4
298 58 4
299 59 4
300 0 5
301 1 5
302 2 5
303 3 5
304 4 5
305 5 5
306 6 5
307 7 5
308 8 5
309 9 5
310 10 5
311 11 5
312 12 5
313 13 5
314 14 5
315 15 5
316 16 5
317 17 5
318 18 5
319 19 5
320 20 5
321 21 5
324 24 5
325 25 5
326 26 5
327 27 5
332 32 5
333 33 5
334 34 5
335 35 5
336 36 5
337 37 5
338 38 5
339 39 5
340 40 5
341 41 5
342 42 5
343 43 5
344 44 5
345 45 5
346 46 5
347 47 5
348 48 5
349 49 5
350 50 5
351 51 5
352 52 5
353 53 5
354 54 5
355 55 5
356 56 5
357 57 5
358 58 5
359 59 5
360 0 6
361 1 6
362 2 6
363 3 6
364 4 6
365 5 6
366 6 6
367 7 6
368 8 6
369 9 6
370 10 6
371 11 6
372 12 6
373 13 6
374 14 6
375 15 6
376 16 6
377 17 6
378 18 6
379 19 6
380 20 6
383 23 6
388 28 6
389 29 6
390 30 6
391 31 6
392 32 6
393 33 6
394 34 6
395 35 6
396 36 6
397 37 6
398 38 6
399 39 6
400 40 6
401 41 6
402 42 6
403 43 6
404 44 6
405 45 6
406 46 6
407 47 6
408 48 6
409 49 6
410 50 6
411 51 6
412 52 6
413 53 6
414 54 6
415 55 6
416 56 6
417 57 6
418 58 6
419 59 6
420 0 7
421 1 7
422 2 7
423 3 7
424 4 7
425 5 7
426 6 7
427 7 7
428 8 7
429 9 7
430 10 7
431 11 7
432 12 7
433 13 7
434 14 7
435 15 7
436 16 7
437 17 7
438 18 7
440 20 7
442 22 7
445 25 7
446 26 7
447 27 7
448 28 7
449 29 7
450 30 7
451 31 7
452 32 7
453 33 7
454 34 7
455 35 7
456 36 7
457 37 7
458 38 7
459 39 7
460 40 7
461 41 7
462 42 7
463 43 7
464 44 7
465 45 7
466 46 7
467 47 7
468 48 7
469 49 7
470 50 7
471 51 7
472 52 7
473 53 7
474 54 7
475 55 7
476 56 7
477 57 7
478 58 7
479 59 7
480 0 8
481 1 8
482 2 8
483 3 8
484 4 8
485 5 8
486 6 8
487 7 8
488 8 8
489 9 8
490 10 8
491 11 8
492 12 8
493 13 8
494 14 8
495 15 8
496 16 8
497 17 8
498 18 8
499 19 8
501 21 8
503 23 8
504 24 8
505 25 8
506 26 8
507 27 8
508 28 8
509 29 8
510 30 8
511 31 8
512 32 8
513 33 8
514 34 8
515 35 8
516 36 8
517 37 8
518 38 8
519 39 8
520 40 8
521 41 8
522 42 8
523 43 8
524 44 8
525 45 8
526 46 8
527 47 8
528 48 8
529 49 8
530 50 8
531 51 8
532 52 8
533 53 8
534 54 8
535 55 8
536 56 8
537 57 8
538 58 8
539 59 8
540 0 9
541 1 9
542 2 9
543 3 9
544 4 9
545 5 9
546 6 9
547 7 9
548 8 9
549 9 9
550 10 9
551 11 9
552 12 9
553 13 9
554 14 9
555 15 9
556 16 9
557 17 9
559 19 9
562 22 9
563 23 9
564 24 9
565 25 9
566 26 9
567 27 9
568 28 9
569 29 9
570 30 9
571 31 9
572 32 9
573 33 9
574 34 9
575 35 9
576 36 9
577 37 9
578 38 9
579 39 9
580 40 9
581 41 9
582 42 9
583 43 9
584 44 9
585 45 9
586 46 9
587 47 9
588 48 9
589 49 9
590 50 9
591 51 9
592 52 9
593 53 9
594 54 9
595 55 9
596 56 9
597 57 9
598 58 9
599 59 9
600 0 10
601 1 10
602 2 10
603 3 10
604 4 10
605 5 10
606 6 10
607 7 10
608 8 10
609 9 10
610 10 10
611 11 10
612 12 10
613 13 10
614 14 10
615 15 10
618 18 10
621 21 10
622 22 10
623 23 10
624 24 10
625 25 10
626 26 10
627 27 10
628 28 10
629 29 10
630 30 10
631 31 10
632 32 10
633 33 10
634 34 10
635 35 10
636 36 10
637 37 10
638 38 10
639 39 10
640 40 10
641 41 10
642 42 10
643 43 10
644 44 10
645 45 10
646 46 10
647 47 10
648 48 10
649 49 10
650 50 10
651 51 10
652 52 10
653 53 10
654 54 10
655 55 10
656 56 10
657 57 10
658 58 10
659 59 10
660 0 11
661 1 11
662 2 11
663 3 11
664 4 11
665 5 11
666 6 11
667 7 11
668 8 11
669 9 11
670 10 11
671 11 11
672 12 11
673 13 11
674 14 11
675 15 11
677 17 11
680 20 11
681 21 11
682 22 11
683 23 11
684 24 11
685 25 11
686 26 11
687 27 11
688 28 11
689 29 11
690 30 11
691 31 11
692 32 11
693 33 11
694 34 11
695 35 11
696 36 11
697 37 11
698 38 11
699 39 11
700 40 11
701 41 11
702 42 11
703 43 11
704 44 11
705 45 11
706 46 11
707 47 11
708 48 11
709 49 11
710 50 11
711 51 11
712 52 11
713 53 11
714 54 11
715 55 11
716 56 11
717 57 11
718 58 11
719 59 11
720 0 12
721 1 12
722 2 12
723 3 12
724 4 12
725 5 12
726 6 12
727 7 12
728 8 12
729 9 12
730 10 12
732 12 12
733 13 12
734 14 12
736 16 12
739 19 12
740 20 12
741 21 12
742 22 12
743 23 12
744 24 12
745 25 12
746 26 12
747 27 12
748 28 12
749 29 12
750 30 12
751 31 12
752 32 12
753 33 12
754 34 12
755 35 12
756 36 12
757 37 12
758 38 12
759 39 12
760 40 12
761 41 12
762 42 12
763 43 12
764 44 12
765 45 12
766 46 12
767 47 12
768 48 12
769 49 12
770 50 12
771 51 12
772 52 12
773 53 12
774 54 12
775 55 12
776 56 12
777 57 12
778 58 12
779 59 12
780 0 13
781 1 13
782 2 13
783 3 13
784 4 13
785 5 13
786 6 13
787 7 13
788 8 13
789 9 13
790 10 13
792 12 13
793 13 13
798 18 13
799 19 13
800 20 13
801 21 13
802 22 13
803 23 13
804 24 13
805 25 13
806 26 13
807 27 13
808 28 13
809 29 13
810 30 13
811 31 13
812 32 13
813 33 13
814 34 13
815 35 13
816 36 13
817 37 13
818 38 13
819 39 13
820 40 13
821 41 13
822 42 13
823 43 13
824 44 13
825 45 13
826 46 13
827 47 13
828 48 13
829 49 13
830 50 13
831 51 13
832 52 13
833 53 13
834 54 13
835 55 13
836 56 13
837 57 13
838 58 13
839 59 13
840 0 14
841 1 14
842 2 14
843 3 14
844 4 14
845 5 14
846 6 14
847 7 14
848 8 14
849 9 14
850 10 14
851 11 14
856 16 14
857 17 14
858 18 14
859 19 14
860 20 14
861 21 14
862 22 14
863 23 14
864 24 14
865 25 14
866 26 14
867 27 14
868 28 14
869 29 14
870 30 14
871 31 14
872 32 14
873 33 14
874 34 14
875 35 14
876 36 14
877 37 14
878 38 14
879 39 14
880 40 14
881 41 14
882 42 14
883 43 14
884 44 14
885 45 14
886 46 14
887 47 14
888 48 14
889 49 14
890 50 14
891 51 14
892 52 14
893 53 14
894 54 14
895 55 14
896 56 14
897 57 14
898 58 14
899 59 14
900 0 15
901 1 15
902 2 15
903 3 15
904 4 15
905 5 15
906 6 15
907 7 15
908 8 15
909 9 15
910 10 15
911 11 15
915 15 15
916 16 15
917 17 15
918 18 15
919 19 15
920 20 15
921 21 15
922 22 15
923 23 15
924 24 15
925 25 15
926 26 15
927 27 15
928 28 15
929 29 15
930 30 15
931 31 15
932 32 15
933 33 15
934 34 15
935 35 15
936 36 15
937 37 15
938 38 15
939 39 15
940 40 15
941 41 15
942 42 15
943 43 15
944 44 15
945 45 15
946 46 15
947 47 15
948 48 15
949 49 15
950 50 15
951 51 15
952 52 15
953 53 15
954 54 15
955 55 15
956 56 15
957 57 15
958 58 15
959 59 15
960 0 16
961 1 16
962 2 16
963 3 16
964 4 16
965 5 16
966 6 16
967 7 16
968 8 16
969 9 16
970 10 16
975 15 16
976 16 16
977 17 16
978 18 16
979 19 16
980 20 16
981 21 16
982 22 16
983 23 16
984 24 16
985 25 16
986 26 16
987 27 16
988 28 16
989 29 16
990 30 16
991 31 16
992 32 16
993 33 16
994 34 16
995 35 16
996 36 16
997 37 16
998 38 16
999 39 16
1000 40 16
1001 41 16
1002 42 16
1003 43 16
1004 44 16
1005 45 16
1006 46 16
1007 47 16
1008 48 16
1009 49 16
1010 50 16
1011 51 16
1012 52 16
1013 53 16
1014 54 16
1015 55 16
1016 56 16
1017 57 16
1018 58 16
1019 59 16
1020 0 17
1021 1 17
1022 2 17
1023 3 17
1024 4 17
1025 5 17
1026 6 17
1027 7 17
1028 8 17
1029 9 17
1033 13 17
1034 14 17
1038 18 17
1039 19 17
1040 20 17
1041 21 17
1042 22 17
1043 23 17
1044 24 17
1045 25 17
1046 26 17
1047 27 17
1048 28 17
1049 29 17
1050 30 17
1051 31 17
1052 32 17
1053 33 17
1054 34 17
1055 35 17
1056 36 17
1057 37 17
1058 38 17
1059 39 17
1060 40 17
1061 41 17
1062 42 17
1063 43 17
1064 44 17
1065 45 17
1066 46 17
1067 47 17
1068 48 17
1069 49 17
1070 50 17
1071 51 17
1072 52 17
1073 53 17
1074 54 17
1075 55 17
1076 56 17
1077 57 17
1078 58 17
1079 59 17
1080 0 18
1081 1 18
1082 2 18
1083 3 18
1084 4 18
1085 5 18
1086 6 18
1087 7 18
1088 8 18
1089 9 18
1092 12 18
1102 22 18
1103 23 18
1104 24 18
1105 25 18
1106 26 18
1107 27 18
1108 28 18
1109 29 18
1110 30 18
1111 31 18
1112 32 18
1113 33 18
1114 34 18
1115 35 18
1116 36 18
1117 37 18
1118 38 18
1119 39 18
1120 40 18
1121 41 18
1122 42 18
1123 43 18
1124 44 18
1125 45 18
1126 46 18
1127 47 18
1128 48 18
1129 49 18
1130 50 18
1131 51 18
1132 52 18
1133 53 18
1134 54 18
1135 55 18
1136 56 18
1137 57 18
1138 58 18
1139 59 18
1140 0 19
1141 1 19
1142 2 19
1143 3 19
1144 4 19
1145 5 19
1146 6 19
1147 7 19
1148 8 19
1149 9 19
1151 11 19
1152 12 19
1153 13 19
1154 14 19
1155 15 19
1156 16 19
1157 17 19
1158 18 19
1159 19 19
1160 20 19
1161 21 19
1162 22 19
1163 23 19
1164 24 19
1165 25 19
1166 26 19
1167 27 19
1168 28 19
1169 29 19
1170 30 19
1171 31 19
1172 32 19
1173 33 19
1174 34 19
1175 35 19
1176 36 19
1177 37 19
1178 38 19
1179 39 19
1180 40 19
1181 41 19
1182 42 19
1183 43 19
1184 44 19
1185 45 19
1186 46 19
1187 47 19
1188 48 19
1189 49 19
1190 50 19
1191 51 19
1192 52 19
1193 53 19
1194 54 19
1195 55 19
1196 56 19
1197 57 19
1198 58 19
1199 59 19
1200 0 20
1201 1 20
1202 2 20
1203 3 20
1204 4 20
1205 5 20
1206 6 20
1207 7 20
1208 8 20
1209 9 20
1210 10 20
1211 11 20
1212 12 20
1213 13 20
1214 14 20
1215 15 20
1216 16 20
1217 17 20
1218 18 20
1219 19 20
1220 20 20
1221 21 20
1222 22 20
1223 23 20
1224 24 20
1225 25 20
1226 26 20
1227 27 20
1228 28 20
1229 29 20
1230 30 20
1231 31 20
1232 32 20
1233 33 20
1234 34 20
1235 35 20
1236 36 20
1237 37 20
1238 38 20
1239 39 20
1240 40 20
1241 41 20
1242 42 20
1243 43 20
1244 44 20
1245 45 20
1246 46 20
1247 47 20
1248 48 20
1249 49 20
1250 50 20
1251 51 20
1252 52 20
1253 53 20
1254 54 20
1255 55 20
1256 56 20
1257 57 20
1258 58 20
1259 59 20
1260 0 21
1261 1 21
1262 2 21
1263 3 21
1264 4 21
1265 5 21
1266 6 21
1267 7 21
1268 8 21
1269 9 21
1270 10 21
1271 11 21
1272 12 21
1273 13 21
1274 14 21
1275 15 21
1276 16 21
1277 17 21
1278 18 21
1279 19 21
1280 20 21
1281 21 21
1282 22 21
1283 23 21
1284 24 21
1285 25 21
1286 26 21
1287 27 21
1288 28 21
1289 29 21
1290 30 21
1291 31 21
1292 32 21
1293 33 21
1294 34 21
1295 35 21
1296 36 21
1297 37 21
1298 38 21
1299 39 21
1300 40 21
1301 41 21
1302 42 21
1303 43 21
1304 44 21
1305 45 21
1306 46 21
1307 47 21
1308 48 21
1309 49 21
1310 50 21
1311 51 21
1312 52 21
1313 53 21
1314 54 21
1315 55 21
1316 56 21
1317 57 21
1318 58 21
1319 59 21
